ixion:fwork$ mnist_nnbr 
 mnist/train-images-idx3-ubyte       60000          28          28
 mnist/train-labels-idx1-ubyte       60000
 extract           1
 results           1
1 101 201 301 401 501 601 701 801 901 1001 1101 1201 1301 1401 1501 1601 1701 1801 1901 2001 2101 2201 2301 2401 2501 2601 2701 2801 2901 3001 3101 3201 3301 3401 3501 3601 3701 3801 3901 4001 4101 4201 4301 4401 4501 4601 4701 4801 4901 done
  10000 [10]   0.0522  0.0560  0.0522  0.0499  0.0521  0.0517  0.0538  0.0538  0.0562  0.0558  0.0586  0.0580  0.0598  0.0598  0.0619  0.0616  0.0631  0.0634  0.0649  0.0651  0.0666
  20000 [10]   0.0407  0.0436  0.0413  0.0391  0.0413  0.0412  0.0427  0.0426  0.0442  0.0447  0.0461  0.0461  0.0475  0.0471  0.0486  0.0488  0.0502  0.0497  0.0513  0.0511  0.0525
  30000 [10]   0.0350  0.0373  0.0362  0.0348  0.0365  0.0354  0.0373  0.0367  0.0385  0.0379  0.0405  0.0399  0.0409  0.0411  0.0421  0.0424  0.0434  0.0437  0.0449  0.0448  0.0458
  40000 [10]   0.0317  0.0344  0.0330  0.0322  0.0343  0.0339  0.0353  0.0344  0.0359  0.0356  0.0368  0.0366  0.0372  0.0370  0.0384  0.0384  0.0398  0.0397  0.0407  0.0410  0.0422
  50000 [10]   0.0286  0.0320  0.0302  0.0300  0.0321  0.0318  0.0334  0.0329  0.0342  0.0335  0.0345  0.0341  0.0355  0.0349  0.0356  0.0352  0.0365  0.0361  0.0374  0.0373  0.0385
  60000 [10]   0.0270  0.0306  0.0282  0.0278  0.0306  0.0304  0.0318  0.0318  0.0322  0.0328  0.0336  0.0326  0.0340  0.0342  0.0340  0.0328  0.0340  0.0332  0.0346  0.0338  0.0352
 extract           2
 results           2
1 101 201 301 401 501 601 701 801 901 1001 1101 1201 1301 1401 1501 1601 1701 1801 1901 2001 2101 2201 2301 2401 2501 2601 2701 2801 2901 3001 3101 3201 3301 3401 3501 3601 3701 3801 3901 4001 4101 4201 4301 4401 4501 4601 4701 4801 4901 done
  10000 [10]   0.0460  0.0515  0.0470  0.0450  0.0462  0.0464  0.0481  0.0475  0.0500  0.0504  0.0519  0.0513  0.0527  0.0523  0.0545  0.0540  0.0557  0.0559  0.0570  0.0576  0.0588
  20000 [10]   0.0363  0.0411  0.0361  0.0358  0.0371  0.0364  0.0377  0.0385  0.0402  0.0402  0.0417  0.0419  0.0432  0.0429  0.0439  0.0442  0.0450  0.0453  0.0463  0.0457  0.0468
  30000 [10]   0.0315  0.0357  0.0317  0.0320  0.0328  0.0319  0.0339  0.0333  0.0350  0.0348  0.0360  0.0360  0.0375  0.0377  0.0388  0.0389  0.0399  0.0401  0.0408  0.0407  0.0419
  40000 [10]   0.0292  0.0331  0.0286  0.0291  0.0297  0.0298  0.0307  0.0304  0.0318  0.0314  0.0328  0.0327  0.0336  0.0342  0.0352  0.0355  0.0362  0.0367  0.0372  0.0374  0.0383
  50000 [10]   0.0277  0.0321  0.0264  0.0275  0.0277  0.0276  0.0294  0.0289  0.0305  0.0300  0.0313  0.0308  0.0318  0.0318  0.0328  0.0328  0.0337  0.0339  0.0343  0.0349  0.0357
  60000 [10]   0.0258  0.0306  0.0240  0.0262  0.0262  0.0260  0.0272  0.0278  0.0294  0.0286  0.0300  0.0294  0.0300  0.0304  0.0308  0.0304  0.0314  0.0324  0.0314  0.0330  0.0320
 extract           3
 results           3
1 101 201 301 401 501 601 701 801 901 1001 1101 1201 1301 1401 1501 1601 1701 1801 1901 2001 2101 2201 2301 2401 2501 2601 2701 2801 2901 3001 3101 3201 3301 3401 3501 3601 3701 3801 3901 4001 4101 4201 4301 4401 4501 4601 4701 4801 4901 done
  10000 [10]   0.0462  0.0515  0.0451  0.0454  0.0467  0.0470  0.0478  0.0486  0.0500  0.0506  0.0521  0.0524  0.0536  0.0537  0.0550  0.0555  0.0570  0.0570  0.0581  0.0585  0.0592
  20000 [10]   0.0368  0.0417  0.0363  0.0359  0.0370  0.0372  0.0388  0.0391  0.0407  0.0411  0.0417  0.0421  0.0432  0.0434  0.0447  0.0449  0.0458  0.0461  0.0470  0.0475  0.0483
  30000 [10]   0.0329  0.0365  0.0318  0.0316  0.0318  0.0321  0.0332  0.0338  0.0350  0.0355  0.0365  0.0368  0.0374  0.0384  0.0390  0.0394  0.0396  0.0401  0.0410  0.0412  0.0419
  40000 [10]   0.0289  0.0332  0.0288  0.0294  0.0298  0.0293  0.0303  0.0302  0.0310  0.0315  0.0324  0.0324  0.0337  0.0343  0.0350  0.0356  0.0365  0.0370  0.0377  0.0380  0.0384
  50000 [10]   0.0276  0.0309  0.0269  0.0274  0.0271  0.0273  0.0275  0.0278  0.0291  0.0291  0.0309  0.0307  0.0321  0.0322  0.0330  0.0333  0.0342  0.0342  0.0350  0.0355  0.0361
  60000 [10]   0.0262  0.0288  0.0260  0.0256  0.0262  0.0258  0.0260  0.0272  0.0280  0.0276  0.0290  0.0290  0.0306  0.0306  0.0310  0.0308  0.0318  0.0320  0.0338  0.0326  0.0344
 extract           4
 results           4
1 101 201 301 401 501 601 701 801 901 1001 1101 1201 1301 1401 1501 1601 1701 1801 1901 2001 2101 2201 2301 2401 2501 2601 2701 2801 2901 3001 3101 3201 3301 3401 3501 3601 3701 3801 3901 4001 4101 4201 4301 4401 4501 4601 4701 4801 4901 done
  10000 [10]   0.0520  0.0607  0.0528  0.0535  0.0540  0.0558  0.0569  0.0587  0.0600  0.0606  0.0621  0.0631  0.0646  0.0654  0.0662  0.0675  0.0685  0.0696  0.0704  0.0710  0.0716
  20000 [10]   0.0406  0.0491  0.0412  0.0432  0.0430  0.0444  0.0455  0.0461  0.0474  0.0480  0.0491  0.0502  0.0516  0.0525  0.0530  0.0537  0.0546  0.0558  0.0567  0.0578  0.0581
  30000 [10]   0.0363  0.0434  0.0358  0.0375  0.0376  0.0391  0.0399  0.0408  0.0412  0.0419  0.0432  0.0434  0.0444  0.0455  0.0458  0.0467  0.0477  0.0483  0.0492  0.0500  0.0503
  40000 [10]   0.0325  0.0390  0.0323  0.0338  0.0340  0.0352  0.0362  0.0370  0.0381  0.0387  0.0395  0.0399  0.0409  0.0413  0.0419  0.0432  0.0429  0.0440  0.0441  0.0452  0.0457
  50000 [10]   0.0302  0.0361  0.0304  0.0318  0.0318  0.0325  0.0326  0.0338  0.0349  0.0361  0.0364  0.0368  0.0376  0.0376  0.0391  0.0393  0.0400  0.0406  0.0407  0.0418  0.0420
  60000 [10]   0.0284  0.0332  0.0284  0.0308  0.0302  0.0306  0.0302  0.0302  0.0320  0.0342  0.0342  0.0356  0.0358  0.0366  0.0360  0.0368  0.0378  0.0380  0.0392  0.0400  0.0402
 extract           5
 results           5
1 101 201 301 401 501 601 701 801 901 1001 1101 1201 1301 1401 1501 1601 1701 1801 1901 2001 2101 2201 2301 2401 2501 2601 2701 2801 2901 3001 3101 3201 3301 3401 3501 3601 3701 3801 3901 4001 4101 4201 4301 4401 4501 4601 4701 4801 4901 done
  10000 [10]   0.0391  0.0416  0.0391  0.0382  0.0399  0.0397  0.0415  0.0411  0.0435  0.0432  0.0445  0.0448  0.0458  0.0462  0.0470  0.0474  0.0484  0.0490  0.0496  0.0498  0.0505
  20000 [10]   0.0310  0.0347  0.0308  0.0310  0.0325  0.0322  0.0336  0.0339  0.0354  0.0354  0.0367  0.0367  0.0376  0.0377  0.0387  0.0385  0.0395  0.0393  0.0407  0.0407  0.0414
  30000 [10]   0.0272  0.0303  0.0264  0.0264  0.0276  0.0286  0.0295  0.0295  0.0312  0.0314  0.0323  0.0324  0.0335  0.0337  0.0346  0.0344  0.0355  0.0354  0.0365  0.0364  0.0372
  40000 [10]   0.0250  0.0283  0.0252  0.0253  0.0252  0.0253  0.0265  0.0270  0.0280  0.0281  0.0294  0.0297  0.0308  0.0310  0.0323  0.0325  0.0331  0.0334  0.0343  0.0343  0.0351
  50000 [10]   0.0227  0.0254  0.0227  0.0228  0.0231  0.0231  0.0239  0.0242  0.0248  0.0256  0.0265  0.0267  0.0277  0.0283  0.0296  0.0296  0.0304  0.0305  0.0314  0.0314  0.0322
  60000 [10]   0.0214  0.0244  0.0216  0.0218  0.0224  0.0222  0.0228  0.0220  0.0226  0.0234  0.0242  0.0240  0.0254  0.0262  0.0286  0.0286  0.0290  0.0300  0.0296  0.0302  0.0298
 extract           6
 results           6
1 101 201 301 401 501 601 701 801 901 1001 1101 1201 1301 1401 1501 1601 1701 1801 1901 2001 2101 2201 2301 2401 2501 2601 2701 2801 2901 3001 3101 3201 3301 3401 3501 3601 3701 3801 3901 4001 4101 4201 4301 4401 4501 4601 4701 4801 4901 done
  10000 [10]   0.0558  0.0563  0.0522  0.0497  0.0528  0.0523  0.0548  0.0544  0.0567  0.0563  0.0583  0.0577  0.0598  0.0597  0.0611  0.0613  0.0630  0.0631  0.0645  0.0647  0.0657
  20000 [10]   0.0457  0.0483  0.0436  0.0426  0.0441  0.0441  0.0460  0.0460  0.0473  0.0478  0.0490  0.0493  0.0502  0.0504  0.0514  0.0514  0.0524  0.0527  0.0531  0.0535  0.0546
  30000 [10]   0.0414  0.0434  0.0393  0.0388  0.0410  0.0399  0.0421  0.0416  0.0432  0.0434  0.0446  0.0437  0.0452  0.0457  0.0468  0.0470  0.0482  0.0480  0.0494  0.0493  0.0500
  40000 [10]   0.0391  0.0409  0.0362  0.0352  0.0376  0.0369  0.0385  0.0380  0.0395  0.0393  0.0408  0.0406  0.0421  0.0418  0.0432  0.0429  0.0442  0.0444  0.0452  0.0453  0.0466
  50000 [10]   0.0365  0.0381  0.0341  0.0338  0.0360  0.0350  0.0376  0.0372  0.0382  0.0381  0.0391  0.0389  0.0393  0.0393  0.0406  0.0404  0.0417  0.0416  0.0424  0.0427  0.0436
  60000 [10]   0.0354  0.0364  0.0326  0.0322  0.0354  0.0334  0.0362  0.0364  0.0366  0.0378  0.0380  0.0380  0.0374  0.0384  0.0384  0.0388  0.0398  0.0390  0.0412  0.0412  0.0424
 extract           7
 results           7
1 101 201 301 401 501 601 701 801 901 1001 1101 1201 1301 1401 1501 1601 1701 1801 1901 2001 2101 2201 2301 2401 2501 2601 2701 2801 2901 3001 3101 3201 3301 3401 3501 3601 3701 3801 3901 4001 4101 4201 4301 4401 4501 4601 4701 4801 4901 done
  10000 [10]   0.0949  0.0965  0.0869  0.0837  0.0860  0.0844  0.0862  0.0862  0.0892  0.0888  0.0910  0.0908  0.0929  0.0930  0.0947  0.0952  0.0960  0.0964  0.0979  0.0985  0.0996
  20000 [10]   0.0842  0.0846  0.0739  0.0728  0.0735  0.0726  0.0749  0.0749  0.0764  0.0759  0.0779  0.0780  0.0797  0.0798  0.0815  0.0813  0.0823  0.0828  0.0844  0.0851  0.0859
  30000 [10]   0.0775  0.0785  0.0698  0.0688  0.0689  0.0678  0.0696  0.0695  0.0705  0.0700  0.0714  0.0718  0.0731  0.0724  0.0746  0.0743  0.0759  0.0758  0.0765  0.0773  0.0779
  40000 [10]   0.0731  0.0756  0.0654  0.0649  0.0659  0.0644  0.0659  0.0650  0.0667  0.0669  0.0683  0.0687  0.0701  0.0703  0.0714  0.0710  0.0723  0.0720  0.0736  0.0733  0.0738
  50000 [10]   0.0707  0.0737  0.0622  0.0635  0.0634  0.0614  0.0638  0.0627  0.0650  0.0640  0.0659  0.0653  0.0670  0.0668  0.0679  0.0680  0.0692  0.0694  0.0700  0.0700  0.0709
  60000 [10]   0.0686  0.0724  0.0592  0.0620  0.0618  0.0610  0.0622  0.0626  0.0632  0.0624  0.0642  0.0632  0.0644  0.0640  0.0662  0.0670  0.0670  0.0664  0.0664  0.0674  0.0690
 extract           8
 results           8
1 101 201 301 401 501 601 701 801 901 1001 1101 1201 1301 1401 1501 1601 1701 1801 1901 2001 2101 2201 2301 2401 2501 2601 2701 2801 2901 3001 3101 3201 3301 3401 3501 3601 3701 3801 3901 4001 4101 4201 4301 4401 4501 4601 4701 4801 4901 done
  10000 [10]   0.1469  0.1521  0.1346  0.1297  0.1295  0.1288  0.1298  0.1292  0.1297  0.1304  0.1313  0.1319  0.1331  0.1335  0.1346  0.1353  0.1367  0.1369  0.1389  0.1392  0.1399
  20000 [10]   0.1325  0.1336  0.1198  0.1145  0.1134  0.1125  0.1136  0.1139  0.1155  0.1162  0.1170  0.1172  0.1184  0.1189  0.1203  0.1207  0.1212  0.1213  0.1222  0.1226  0.1236
  30000 [10]   0.1244  0.1288  0.1139  0.1096  0.1081  0.1059  0.1072  0.1062  0.1079  0.1080  0.1090  0.1089  0.1107  0.1112  0.1125  0.1127  0.1139  0.1143  0.1159  0.1157  0.1174
  40000 [10]   0.1201  0.1242  0.1109  0.1063  0.1055  0.1030  0.1039  0.1028  0.1036  0.1042  0.1057  0.1042  0.1056  0.1054  0.1069  0.1064  0.1077  0.1086  0.1095  0.1101  0.1107
  50000 [10]   0.1156  0.1203  0.1070  0.1049  0.1037  0.1006  0.1005  0.1008  0.1008  0.1009  0.1015  0.1012  0.1027  0.1020  0.1026  0.1020  0.1037  0.1038  0.1051  0.1049  0.1063
  60000 [10]   0.1120  0.1182  0.1032  0.1026  0.1018  0.0966  0.0994  0.0988  0.0978  0.0976  0.0976  0.0972  0.0998  0.0996  0.1004  0.0990  0.1004  0.1004  0.1012  0.1008  0.1036
ixion:fwork$ 